! $Header: m:/default/input/RCS/ngsteofactin.txt,v 1.11 2020/11/24 13:42:52 KDL Exp $
!___________________________________________________________________________________________
!
!				NGMM STEO Benchmark Factors
!			
!___________________________________________________________________________________________

!11/04/20	KDL	Updated with factors from ref2021/d110320a
!11/24/20	KDL	Updated with factors from ref2021/d112320a
!11/05/21	SYK	Updated with factors from ref2022/d110321b
!12/06/21	SYK	Updated with factors from ref2022/d120521a
!12/19/22	JMW	Updated with factors from ref2023/d121522j
!02/14/25	JMW	Updated with factors from ref2025/d021325b
!02/28/25	JMW	Updated with factors from ref2025/d022725e
!03/18/25       JMW     Updated with factors from ref2025/d031825e
!01/27/26	SYK	Updated with factors from cb2026/d012226a

!copied from the file ..//ngas/data/NGSTEOFactors.txt
!from ngas directory in FROZEN reference case output file
!STEO factors will only work appropriately of KEEPOPEN = 0 is set in scedes

Composite table:
 year   STEOStorageInjectionFactor  STEOStorageWithdrawalFactor      STEOBalancingItemFactor
!----   --------------------------  ---------------------------      -----------------------
 2024                     0.998520                     1.001483                    -6.835816
 2025                     0.994228                     1.005772                    -1.422048
 2026                     0.957635                     1.042365                     1.289919
 2027                     0.966108                     1.033892                     1.231935
 2028                     0.974581                     1.025419                     1.173951
 2029                     0.983054                     1.016946                     1.115968
 2030                     0.991527                     1.008473                     1.057984
 2031                     1.000000                     1.000000                     1.000000
;
Composite table:
 year  STEOLNGExportsFactor  STEOLNGImportsFactor
!----  --------------------  --------------------
 2024              0.000000              1.231689
 2025              0.000000              1.000000
 2026         -9.094947e-13              1.000000
 2027              0.000000              1.000000
 2028              0.000000              1.000000
 2029              0.000000              1.000000
 2030              0.000000              1.000000
 2031              0.000000              1.000000
;
Composite table:
 year   STEOLeaseFuelFactor    STEOPipeFuelFactor  STEOSupplementalSupplyFactor
!----   -------------------    ------------------  ----------------------------
 2024              1.102025              1.267855                      1.583242
 2025              1.051244              1.013852                      1.609965
 2026              1.047714              0.917029                      1.610360
 2027              1.038171              0.933623                      1.488288
 2028              1.028628              0.950217                      1.366216
 2029              1.019086              0.966811                      1.244144
 2030              1.009543              0.983406                      1.122072
 2031              1.000000              1.000000                      1.000000
;
Composite table:
 year    STEOWellhdPriceFactor  STEOElectricPriceFactor
!----    ---------------------  -----------------------
 2024              0.987039337                 0.915623
 2025              1.735225245                 0.956298
 2026              1.092406762                 0.954452
 2027              1.000000000                 0.963562
 2028              1.000000000                 0.972671
 2029              1.000000000                 0.981781
 2030              1.000000000                 0.990890
 2031              1.000000000                 1.000000
;
Composite table:
 year    STEOPipelineImportFactor    STEOMXExportFactor    STEOCNExportFactor
!----    ------------------------    ------------------    ------------------
 2024                    1.027152           -791.276939              1.061812
 2025                    0.985695           -281.132284              1.097174
 2026                    1.022238           -208.948668              1.123637
 2027                    1.000000           -166.958934              1.000000
 2028                    1.000000           -124.969201              1.000000
 2029                    1.000000            -82.979467              1.000000
 2030                    1.000000            -40.989734              1.000000
 2031                    1.000000              1.000000              1.000000
;
STEOEndUsePriceFactor := data table
                       NewEngland MidAtlantic   ENCentral   WNCentral   SAtlantic   ESCentral   WSCentral    Mountain     Pacific
                    ! ----------- ----------- ----------- ----------- ----------- ----------- ----------- ----------- -----------
(2024,Residential   )    1.078854    1.042982    1.091368    1.082856    1.097417    1.075417    1.203466    1.257338    1.280635
(2025,Residential   )    1.095976    1.075817    1.089420    1.058052    1.055643    1.029045    1.171238    1.064326    1.355769
(2026,Residential   )    1.055251    0.989432    1.012400    0.988900    0.946211    0.927949    1.001350    1.090332    1.252457
(2027,Residential   )    1.044201    0.991546    1.009920    0.991120    0.956969    0.942359    1.001080    1.072266    1.201965
(2028,Residential   )    1.033151    0.993659    1.007440    0.993340    0.967727    0.956769    1.000810    1.054199    1.151474
(2029,Residential   )    1.022100    0.995773    1.004960    0.995560    0.978484    0.971180    1.000540    1.036133    1.100983
(2030,Residential   )    1.011050    0.997886    1.002480    0.997780    0.989242    0.985590    1.000270    1.018066    1.050491
(2031,Residential   )    1.000000    1.000000    1.000000    1.000000    1.000000    1.000000    1.000000    1.000000    1.000000
(2024,Commercial    )    0.924514    1.025288    0.982426    1.121169    0.889931    0.882054    1.090498    1.279589    1.168190
(2025,Commercial    )    0.892273    1.039751    0.942639    1.085426    0.868140    0.824063    0.987798    1.003904    1.141009
(2026,Commercial    )    0.835406    0.862238    0.870541    1.027913    0.810436    0.748240    0.835479    0.994440    0.911431
(2027,Commercial    )    0.868325    0.889790    0.896432    1.022330    0.848349    0.798592    0.868383    0.995552    0.929145
(2028,Commercial    )    0.901244    0.917343    0.922324    1.016748    0.886262    0.848944    0.901287    0.996664    0.946859
(2029,Commercial    )    0.934162    0.944895    0.948216    1.011165    0.924175    0.899296    0.934191    0.997776    0.964572
(2030,Commercial    )    0.967081    0.972448    0.974108    1.005583    0.962087    0.949648    0.967096    0.998888    0.982286
(2031,Commercial    )    1.000000    1.000000    1.000000    1.000000    1.000000    1.000000    1.000000    1.000000    1.000000
(2024,Industrial    )    1.000000    1.000000    1.000000    1.000000    1.000000    1.000000    1.000000    1.000000    1.000000
(2025,Industrial    )    1.000000    1.000000    1.000000    1.000000    1.000000    1.000000    1.000000    1.000000    1.000000
(2026,Industrial    )    1.000000    1.000000    1.000000    1.000000    1.000000    1.000000    1.000000    1.000000    1.000000
(2027,Industrial    )    1.000000    1.000000    1.000000    1.000000    1.000000    1.000000    1.000000    1.000000    1.000000
(2028,Industrial    )    1.000000    1.000000    1.000000    1.000000    1.000000    1.000000    1.000000    1.000000    1.000000
(2029,Industrial    )    1.000000    1.000000    1.000000    1.000000    1.000000    1.000000    1.000000    1.000000    1.000000
(2030,Industrial    )    1.000000    1.000000    1.000000    1.000000    1.000000    1.000000    1.000000    1.000000    1.000000
(2031,Industrial    )    1.000000    1.000000    1.000000    1.000000    1.000000    1.000000    1.000000    1.000000    1.000000
(2024,Transportation)    1.000000    1.000000    1.000000    1.000000    1.000000    1.000000    1.000000    1.000000    1.000000
(2025,Transportation)    1.000000    1.000000    1.000000    1.000000    1.000000    1.000000    1.000000    1.000000    1.000000
(2026,Transportation)    1.000000    1.000000    1.000000    1.000000    1.000000    1.000000    1.000000    1.000000    1.000000
(2027,Transportation)    1.000000    1.000000    1.000000    1.000000    1.000000    1.000000    1.000000    1.000000    1.000000
(2028,Transportation)    1.000000    1.000000    1.000000    1.000000    1.000000    1.000000    1.000000    1.000000    1.000000
(2029,Transportation)    1.000000    1.000000    1.000000    1.000000    1.000000    1.000000    1.000000    1.000000    1.000000
(2030,Transportation)    1.000000    1.000000    1.000000    1.000000    1.000000    1.000000    1.000000    1.000000    1.000000
(2031,Transportation)    1.000000    1.000000    1.000000    1.000000    1.000000    1.000000    1.000000    1.000000    1.000000
(2024,Electric      )    1.000000    1.000000    1.000000    1.000000    1.000000    1.000000    1.000000    1.000000    1.000000
(2025,Electric      )    1.000000    1.000000    1.000000    1.000000    1.000000    1.000000    1.000000    1.000000    1.000000
(2026,Electric      )    1.000000    1.000000    1.000000    1.000000    1.000000    1.000000    1.000000    1.000000    1.000000
(2027,Electric      )    1.000000    1.000000    1.000000    1.000000    1.000000    1.000000    1.000000    1.000000    1.000000
(2028,Electric      )    1.000000    1.000000    1.000000    1.000000    1.000000    1.000000    1.000000    1.000000    1.000000
(2029,Electric      )    1.000000    1.000000    1.000000    1.000000    1.000000    1.000000    1.000000    1.000000    1.000000
(2030,Electric      )    1.000000    1.000000    1.000000    1.000000    1.000000    1.000000    1.000000    1.000000    1.000000
(2031,Electric      )    1.000000    1.000000    1.000000    1.000000    1.000000    1.000000    1.000000    1.000000    1.000000
;