FILE NAME:      KSHEFF					
					
DATE MODIFIED:  August 21, 2025									
					
USED BY:        Service Demand subroutine of the National Energy Modeling System					
                (NEMS) Commercial Demand Module (CDM)					
					
DEFINITION:     Building shell efficiency index for existing buildings and new					
                buildings. Including separate factors for effects on heating and cooling loads					
                Indices for existing buildings (labeled "Exist") represent surviving building				
                stocks in the last year of projections (currently 2050) relative to					
                existing buildings in the CBECS year (currently 2018).					
					
UNITS:          unitless					
					
DIMENSION:      Census division, building type					
					
SPECIAL CONSTRAINTS:    None					
					
ORGANIZATION OF DATA:					
					
                Data starts on row 101 of this file as per CDM convention.					
					
                NumYears = the number of years for which load factors are explicitly					
                represented for new construction. 					
					
                The line "Years" lists the years that are explicitly represented. 					
					
                For each census division and building type, the line labeled "Exist" represents 					
                the projected heating and cooling load factors for surviving pre-CBECS-year stock in the					
                last projection year (currently 2050), indexed to the efficiency of the existing building 					
                stock in the CBECS year (2018=1)					
					
                The following lines labeled 2018-2050 represent projected heating and cooling load factors for					
                new construction in that year, relative to the efficiency of the existing building					
                stock in the CBECS year (2018=1)					
					
SOURCES:					
					
                ICF International, January 22, 2018, Development of Commercial Building Shell Heating and Cooling Load Factors,					
                 available February 2018 at https://www.eia.gov/analysis/studies/buildings/buildingshell/					
					
                U.S. Department of Energy, Energy Information Administration, 2018 Commercial				
                  Buildings Energy Consumption Survey, Public Use Data, available December 2022 at					
                  https://www.eia.gov/consumption/commercial/.					
					
					
					
					
					
					
					
					
					
					
					
					
					
					
					
					
					
					
					
					
					
					
					
					
					
					
					
					
					
					
					
					
					
					
					
					
					
					
					
					
					
					
					
					
					
					





					
					
					
NumYears					
5					
					
Years					
2018	2020	2030	2040	2050	
					
Heating Load Factor	Cooling Load Factor				
0.71785	0.86906	Exist	Assembly	New England
0.57677	0.80359	2018		
0.55754	0.79473	2020		
0.46168	0.75054	2030		
0.36629	0.70657	2040		
0.27232	0.66301	2050		
0.71707	0.83523	Exist	Education	
0.57561	0.75285	2018		
0.55620	0.74149	2020		
0.45945	0.68484	2030		
0.36318	0.62848	2040		
0.26738	0.57239	2050		
0.83878	0.85450	Exist	Food Sales	
0.87712	0.88474	2018		
0.85476	0.86669	2020		
0.76525	0.79374	2030		
0.71543	0.75224	2040		
0.66885	0.71291	2050		
0.81812	0.69486	Exist	Food Service	
0.72717	0.54228	2018		
0.71545	0.52262	2020		
0.65702	0.42459	2030		
0.59888	0.32705	2040		
0.54102	0.22998	2050		
0.79593	0.97648	Exist	Health Care	
0.69390	0.96472	2018		
0.67706	0.96278	2020		
0.59308	0.95310	2030		
0.50952	0.94347	2040		
0.42636	0.93389	2050		
0.77471	0.84139	Exist	Lodging	
0.66207	0.76208	2018		
0.64272	0.74847	2020		
0.54629	0.68064	2030		
0.45032	0.61314	2040		
0.35483	0.55692	2050		
0.75261	0.82339	Exist	Office - Large	
0.62892	0.73508	2018		
0.60963	0.72128	2020		
0.51344	0.65249	2030		
0.41773	0.58404	2040		
0.32248	0.51593	2050		
0.74420	0.93993	Exist	Office - Small	
0.61631	0.90989	2018		
0.59960	0.90596	2020		
0.51629	0.88637	2030		
0.43339	0.86688	2040		
0.35090	0.84749	2050		
0.70994	0.88201	Exist	Mercantile & Service	
0.56492	0.82301	2018		
0.54407	0.81457	2020		
0.44017	0.77252	2030		
0.33678	0.73067	2040		
0.23797	0.69050	2050		
0.76179	0.81267	Exist	Warehouse	
0.64268	0.71900	2018		
0.62185	0.74540	2020		
0.51801	0.87698	2030		
0.41467	1.00792	2040		
0.31185	1.13821	2050		
0.74838	0.83682	Exist	Other	
0.62257	0.75522	2018		
0.60336	0.74383	2020		
0.50754	0.68703	2030		
0.41220	0.63051	2040		
0.31750	0.57622	2050		
0.74283	0.82879	Exist	Assembly	Middle Atlantic
0.61424	0.74319	2018		
0.59674	0.73165	2020		
0.50948	0.67415	2030		
0.42265	0.61694	2040		
0.33625	0.56000	2050		
0.74370	0.81486	Exist	Education	
0.61556	0.72229	2018		
0.59798	0.70956	2020		
0.51036	0.64611	2030		
0.42317	0.58297	2040		
0.33640	0.52014	2050		
0.83606	0.83980	Exist	Food Sales	
0.88066	0.87186	2018		
0.85881	0.85410	2020		
0.76968	0.78310	2030		
0.72020	0.74258	2040		
0.67389	0.70415	2050		
0.79096	0.71643	Exist	Food Service	
0.68644	0.57465	2018		
0.67297	0.55637	2020		
0.60582	0.46528	2030		
0.53900	0.37463	2040		
0.47250	0.28443	2050		
0.83181	0.89957	Exist	Health Care	
0.74771	0.84936	2018		
0.73383	0.84107	2020		
0.66462	0.79974	2030		
0.59575	0.75861	2040		
0.52721	0.71769	2050		
0.79051	0.79248	Exist	Lodging	
0.68576	0.68873	2018		
0.66777	0.67094	2020		
0.57806	0.58225	2030		
0.48879	0.49400	2040		
0.39995	0.40971	2050		
0.77404	0.80569	Exist	Office - Large	
0.66107	0.70854	2018		
0.64344	0.69337	2020		
0.55559	0.61775	2030		
0.46817	0.54250	2040		
0.38118	0.46763	2050		
0.75832	0.85749	Exist	Office - Small	
0.63748	0.78623	2018		
0.62170	0.77688	2020		
0.54303	0.73027	2030		
0.46474	0.68389	2040		
0.38684	0.63774	2050		
0.74164	0.88053	Exist	Mercantile & Service	
0.61247	0.82080	2018		
0.59390	0.81231	2020		
0.50136	0.77002	2030		
0.40928	0.72794	2040		
0.31764	0.68606	2050		
0.84154	0.83344	Exist	Warehouse	
0.76231	0.75015	2018		
0.74845	0.80083	2020		
0.67937	1.05346	2030		
0.61063	1.30485	2040		
0.54223	1.55501	2050		
0.77530	0.81220	Exist	Other	
0.66294	0.71830	2018		
0.64581	0.70556	2020		
0.56041	0.64203	2030		
0.47543	0.57880	2040		
0.39086	0.51654	2050		
0.75244	0.89724	Exist	Assembly	East North Central
0.62866	0.84585	2018		
0.61180	0.83893	2020		
0.52774	0.80440	2030		
0.44409	0.77004	2040		
0.36085	0.73585	2050		
0.74928	0.86317	Exist	Education	
0.62392	0.79476	2018		
0.60672	0.78533	2020		
0.52097	0.73832	2030		
0.43564	0.69155	2040		
0.35072	0.64500	2050		
0.86234	0.86886	Exist	Food Sales	
0.87768	0.87910	2018		
0.85546	0.86111	2020		
0.76607	0.78775	2030		
0.71634	0.74613	2040		
0.66985	0.70671	2050		
0.86423	0.74014	Exist	Food Service	
0.79635	0.61022	2018		
0.78760	0.59347	2020		
0.74398	0.51000	2030		
0.70058	0.42693	2040		
0.65740	0.34427	2050		
0.82980	0.97944	Exist	Health Care	
0.74470	0.96917	2018		
0.73065	0.96747	2020		
0.66061	0.95901	2030		
0.59092	0.95059	2040		
0.52156	0.94222	2050		
0.80356	0.87000	Exist	Lodging	
0.70535	0.80500	2018		
0.68846	0.79383	2020		
0.60430	0.73814	2030		
0.52055	0.68273	2040		
0.43722	0.62759	2050		
0.77664	0.84049	Exist	Office - Large	
0.66496	0.76074	2018		
0.64754	0.74828	2020		
0.56069	0.68614	2030		
0.47427	0.62431	2040		
0.38827	0.56279	2050		
0.77588	0.95900	Exist	Office - Small	
0.66382	0.93849	2018		
0.64918	0.93582	2020		
0.57617	0.92246	2030		
0.50352	0.90917	2040		
0.43122	0.89595	2050		
0.74972	0.95417	Exist	Mercantile & Service	
0.62458	0.93125	2018		
0.60659	0.92802	2020		
0.51695	0.91191	2030		
0.42774	0.89587	2040		
0.33897	0.87992	2050		
0.77372	0.77892	Exist	Warehouse	
0.66057	0.66838	2018		
0.64079	0.70317	2020		
0.54214	0.87658	2030		
0.44398	1.04915	2040		
0.34630	1.22087	2050		
0.77646	0.85833	Exist	Other	
0.66470	0.78750	2018		
0.64760	0.77791	2020		
0.56234	0.73008	2030		
0.47751	0.68248	2040		
0.39309	0.63512	2050		
0.71312	0.85265	Exist	Assembly	
0.56968	0.77897	2018		
0.55015	0.76898	2020		
0.45275	0.71914	2030		
0.35584	0.66954	2040		
0.25940	0.62019	2050		
0.71176	0.84092	Exist	Education	
0.56764	0.76138	2018		
0.54787	0.75039	2020		
0.44933	0.69561	2030		
0.35126	0.64110	2040		
0.25367	0.58686	2050		
0.82200	0.83927	Exist	Food Sales	
0.88263	0.88241	2018		
0.86067	0.86495	2020		
0.77137	0.79867	2030		
0.72176	0.76017	2040		
0.67534	0.72353	2050		
0.84785	0.71300	Exist	Food Service	
0.77178	0.56950	2018		
0.76197	0.55101	2020		
0.71309	0.45881	2030		
0.66446	0.36707	2040		
0.61606	0.27577	2050		
0.78944	0.89202	Exist	Health Care	
0.68416	0.83803	2018		
0.66678	0.82912	2020		
0.58013	0.78468	2030		
0.49390	0.74046	2040		
0.40810	0.69646	2050		
0.76599	0.80565	Exist	Lodging	
0.64898	0.70848	2018		
0.62890	0.69184	2020		
0.52878	0.60892	2030		
0.42915	0.52641	2040		
0.33000	0.44429	2050		
0.77393	0.85318	Exist	Office - Large	
0.66089	0.77977	2018		
0.64327	0.76831	2020		
0.55543	0.71120	2030		
0.46803	0.65437	2040		
0.38105	0.59782	2050		
0.73374	0.86733	Exist	Office - Small	
0.60061	0.80099	2018		
0.58320	0.79228	2020		
0.49643	0.74885	2030		
0.41008	0.70564	2040		
0.32416	0.66264	2050		
0.71263	0.81100	Exist	Mercantile & Service	
0.56895	0.71651	2018		
0.54829	0.70296	2020		
0.44535	0.63542	2030		
0.34291	0.56822	2040		
0.24097	0.50134	2050		
0.76745	0.73333	Exist	Warehouse	
0.65118	0.60000	2018		
0.63085	0.60640	2020		
0.52947	0.63832	2030		
0.42859	0.67007	2040		
0.34109	0.70167	2050		
0.75257	0.84312	Exist	Other	
0.62886	0.76469	2018		
0.61001	0.75264	2020		
0.51601	0.69262	2030		
0.42247	0.63288	2040		
0.33014	0.57344	2050		
0.75966	0.78245	Exist	Assembly	South Atlantic
0.63950	0.67367	2018		
0.62312	0.65895	2020		
0.54147	0.58556	2030		
0.46031	0.51253	2040		
0.38038	0.43986	2050		
0.77453	0.78802	Exist	Education	
0.66179	0.68203	2018		
0.64634	0.66744	2020		
0.56930	0.59475	2030		
0.49263	0.52242	2040		
0.41635	0.45043	2050		
0.84316	0.82390	Exist	Food Sales	
0.89137	0.87017	2018		
0.87148	0.84957	2020		
0.79341	0.77040	2030		
0.74902	0.72538	2040		
0.70711	0.68299	2050		
0.83295	0.75226	Exist	Food Service	
0.74943	0.62839	2018		
0.73867	0.61243	2020		
0.68501	0.53285	2030		
0.63161	0.45365	2040		
0.57847	0.37485	2050		
0.82696	0.84663	Exist	Health Care	
0.74044	0.76994	2018		
0.72615	0.75728	2020		
0.65495	0.69417	2030		
0.58409	0.63137	2040		
0.51358	0.56887	2050		
0.77399	0.75358	Exist	Lodging	
0.66098	0.63037	2018		
0.64157	0.60925	2020		
0.54480	0.50396	2030		
0.44851	0.39918	2040		
0.35269	0.29492	2050		
0.79884	0.83011	Exist	Office - Large	
0.69826	0.74517	2018		
0.68257	0.73193	2020		
0.60436	0.66595	2030		
0.52653	0.60028	2040		
0.44909	0.53494	2050		
0.77488	0.78871	Exist	Office - Small	
0.66232	0.68307	2018		
0.64762	0.66919	2020		
0.57436	0.60001	2030		
0.50145	0.53116	2040		
0.42891	0.46266	2050		
0.73432	0.75826	Exist	Mercantile & Service	
0.60148	0.63739	2018		
0.58239	0.62009	2020		
0.48721	0.53381	2030		
0.39290	0.44795	2040		
0.30264	0.36252	2050		
0.90019	0.80411	Exist	Warehouse	
0.85029	0.70617	2018		
0.84156	0.73097	2020		
0.79805	0.85463	2030		
0.75476	0.97769	2040		
0.71167	1.10014	2050		
0.79414	0.80055	0.850926	Exist	Other
0.69121	0.70082	2018		
0.67538	0.68694	2020		
0.59650	0.61775	2030		
0.51802	0.54889	2040		
0.44006	0.48037	2050		
0.76647	0.82484	Exist	Assembly	East South Central
0.64971	0.73726	2018		
0.63377	0.72537	2020		
0.55428	0.66608	2030		
0.47518	0.60707	2040		
0.39647	0.54836	2050		
0.78604	0.82878	Exist	Education	
0.67906	0.74318	2018		
0.66440	0.73139	2020		
0.59130	0.67260	2030		
0.51857	0.61411	2040		
0.44618	0.55591	2050		
0.85883	0.84505	Exist	Food Sales	
0.88711	0.86678	2018		
0.86528	0.84598	2020		
0.77886	0.76567	2030		
0.73038	0.72013	2040		
0.68492	0.67731	2050		
0.87282	0.77828	Exist	Food Service	
0.80923	0.66742	2018		
0.80103	0.65314	2020		
0.76017	0.58191	2030		
0.71952	0.51104	2040		
0.67906	0.44051	2050		
0.82496	0.87334	Exist	Health Care	
0.73744	0.81001	2018		
0.72299	0.79955	2020		
0.65096	0.74743	2030		
0.57929	0.69556	2040		
0.50796	0.64395	2050		
0.78846	0.78336	Exist	Lodging	
0.68269	0.67504	2018		
0.66451	0.65645	2020		
0.57389	0.56379	2030		
0.48371	0.47157	2040		
0.39398	0.37981	2050		
0.81799	0.86416	Exist	Office - Large	
0.72699	0.79624	2018		
0.71280	0.78565	2020		
0.64204	0.73287	2030		
0.57163	0.68034	2040		
0.50156	0.62808	2050		
0.78957	0.84309	Exist	Office - Small	
0.68435	0.76464	2018		
0.67062	0.75433	2020		
0.60216	0.70295	2030		
0.53404	0.65182	2040		
0.46625	0.60094	2050		
0.72587	0.76908	Exist	Mercantile & Service	
0.58881	0.65361	2018		
0.56912	0.63705	2020		
0.47092	0.55446	2030		
0.37321	0.47227	2040		
0.27598	0.39049	2050		
0.89437	0.73333	Exist	Warehouse	
0.84156	0.60000	2018		
0.83232	0.61091	2020		
0.78627	0.66527	2030		
0.74045	0.71938	2040		
0.69486	0.77321	2050		
0.80656	0.84580	Exist	Other	
0.70985	0.76870	2018		
0.69498	0.75687	2020		
0.62086	0.69793	2030		
0.54710	0.63927	2040		
0.47370	0.58090	2050		
0.74380	0.77852	Exist	Assembly	West South Central
0.61570	0.66779	2018		
0.59825	0.65286	2020		
0.51123	0.57847	2030		
0.42464	0.50445	2040		
0.33847	0.43078	2050		
0.75392	0.75355	Exist	Education	
0.63088	0.63032	2018		
0.61401	0.61339	2020		
0.52992	0.52896	2030		
0.44625	0.44496	2040		
0.36299	0.36136	2050		
0.84375	0.81417	Exist	Food Sales	
0.89460	0.86817	2018		
0.87450	0.84568	2020		
0.79818	0.76071	2030		
0.75438	0.71263	2040		
0.71299	0.66760	2050		
0.79006	0.74559	Exist	Food Service	
0.68510	0.61838	2018		
0.67157	0.60199	2020		
0.60413	0.52026	2030		
0.53702	0.43893	2040		
0.47024	0.35801	2050		
0.81300	0.87438	Exist	Health Care	
0.71950	0.81157	2018		
0.70406	0.80120	2020		
0.62711	0.74950	2030		
0.55053	0.69806	2040		
0.47433	0.64688	2050		
0.78930	0.78988	Exist	Lodging	
0.68395	0.68482	2018		
0.66580	0.66675	2020		
0.57536	0.57667	2030		
0.48536	0.48703	2040		
0.39581	0.39783	2050		
0.74275	0.79832	Exist	Office - Large	
0.61413	0.69748	2018		
0.59404	0.68174	2020		
0.49390	0.60328	2030		
0.39425	0.52521	2040		
0.29509	0.44752	2050		
0.79269	0.84077	Exist	Office - Small	
0.68904	0.76115	2018		
0.67554	0.75071	2020		
0.60829	0.69865	2030		
0.54136	0.64684	2040		
0.47476	0.59529	2050		
0.70634	0.86475	Exist	Mercantile & Service	
0.55951	0.79713	2018		
0.53842	0.78750	2020		
0.43331	0.73949	2030		
0.32871	0.69172	2040		
0.22462	0.64419	2050		
0.73333	0.59574	Exist	Warehouse	
0.60000	0.39361	2018		
0.60161	0.45106	2020		
0.60965	0.73744	2030		
0.61766	1.02242	2040		
0.62562	1.30600	2050		
0.77141	0.78461	Exist	Other	
0.65711	0.67692	2018		
0.63958	0.66434	2020		
0.55217	0.60161	2030		
0.46519	0.53920	2040		
0.37864	0.47709	2050		
0.75351	0.85691	Exist	Assembly	Mountain
0.63027	0.78536	2018		
0.61349	0.77566	2020		
0.52983	0.72729	2030		
0.44659	0.67915	2040		
0.36376	0.63125	2050		
0.75250	0.85365	Exist	Education	
0.62874	0.78048	2018		
0.61177	0.77040	2020		
0.52715	0.72012	2030		
0.44295	0.67009	2040		
0.35916	0.62030	2050		
0.85782	0.81807	Exist	Food Sales	
0.89675	0.85865	2018		
0.87623	0.83494	2020		
0.81098	0.75980	2030		
0.77151	0.71512	2040		
0.73396	0.67307	2050		
0.88501	0.75011	Exist	Food Service	
0.82752	0.62516	2018		
0.82011	0.60906	2020		
0.78317	0.52878	2030		
0.74642	0.44890	2040		
0.70984	0.36941	2050		
0.81982	0.87343	Exist	Health Care	
0.72973	0.81014	2018		
0.71486	0.79969	2020		
0.64071	0.74760	2030		
0.56693	0.69577	2040		
0.49351	0.64420	2050		
0.81031	0.82465	Exist	Lodging	
0.71547	0.73698	2018		
0.69919	0.72198	2020		
0.61802	0.64721	2030		
0.53725	0.57280	2040		
0.45687	0.49876	2050		
0.81312	0.87893	Exist	Office - Large	
0.71967	0.81840	2018		
0.70511	0.80896	2020		
0.63248	0.76189	2030		
0.56021	0.71506	2040		
0.48829	0.66846	2050		
0.78204	0.86641	Exist	Office - Small	
0.67306	0.79962	2018		
0.65882	0.79085	2020		
0.58782	0.74714	2030		
0.51717	0.70364	2040		
0.44686	0.66036	2050		
0.74649	0.82737	Exist	Mercantile & Service	
0.61974	0.74105	2018		
0.60152	0.72867	2020		
0.51072	0.66691	2030		
0.42036	0.60545	2040		
0.33044	0.54429	2050		
0.83029	0.73333	Exist	Warehouse	
0.74543	0.60000	2018		
0.73059	0.60297	2020		
0.65660	0.61775	2030		
0.58298	0.63246	2040		
0.50972	0.64709	2050		
0.79378	0.86198	Exist	Other	
0.69066	0.79296	2018		
0.67498	0.78236	2020		
0.59678	0.72951	2030		
0.51897	0.67692	2040		
0.44154	0.62458	2050		
0.74387	0.86909	Exist	Assembly	Pacific
0.61581	0.80363	2018		
0.59836	0.79480	2020		
0.51138	0.75082	2030		
0.42482	0.70705	2040		
0.33869	0.66350	2050		
0.74120	0.84288	Exist	Education	
0.61180	0.76432	2018		
0.59406	0.75351	2020		
0.50561	0.69959	2030		
0.41759	0.64594	2040		
0.33001	0.59256	2050		
0.85572	0.81716	Exist	Food Sales	
0.90127	0.85597	2018		
0.88208	0.83817	2020		
0.81038	0.76746	2030		
0.76881	0.72711	2040		
0.72938	0.68888	2050		
0.87818	0.70895	Exist	Food Service	
0.81728	0.56342	2018		
0.80943	0.54467	2020		
0.77029	0.45117	2030		
0.73135	0.35813	2040		
0.69260	0.26555	2050		
0.82791	0.92222	Exist	Health Care	
0.74186	0.88333	2018		
0.72766	0.87691	2020		
0.65684	0.84491	2030		
0.58637	0.81306	2040		
0.51624	0.78136	2050		
0.83398	0.84310	Exist	Lodging	
0.75097	0.76465	2018		
0.73672	0.75123	2020		
0.66566	0.68432	2030		
0.59496	0.61774	2040		
0.52460	0.55149	2050		
0.79890	0.84285	Exist	Office - Large	
0.69834	0.76428	2018		
0.68266	0.75202	2020		
0.60447	0.69087	2030		
0.52667	0.63003	2040		
0.44924	0.56948	2050		
0.78869	0.89263	Exist	Office - Small	
0.68303	0.83894	2018		
0.66924	0.83189	2020		
0.60046	0.79674	2030		
0.53203	0.76175	2040		
0.46393	0.72694	2050		
0.73585	0.93875	Exist	Mercantile & Service	
0.60377	0.90813	2018		
0.58478	0.90373	2020		
0.49012	0.88178	2030		
0.39593	0.85994	2040		
0.30220	0.83821	2050		
0.82860	0.73333	Exist	Warehouse	
0.74290	0.60000	2018		
0.72791	0.60316	2020		
0.65319	0.61891	2030		
0.57884	0.63458	2040		
0.50485	0.65018	2050		
0.78952	0.85487	Exist	Other	
0.68428	0.78231	2018		
0.66831	0.77118	2020		
0.58871	0.71569	2030		
0.50949	0.66047	2040		
0.43067	0.60551	2050		