Composite table:
 year   STEOStorageInjectionFactor  STEOStorageWithdrawalFactor      STEOBalancingItemFactor
!----   --------------------------  ---------------------------      -----------------------
 2023                     0.995559                     1.005127                    -0.670075
 2024                     0.998652                     1.001352                    -3.118342
 2025                     0.983146                     1.016854                     5.643624
 2026                     0.986517                     1.013483                     4.714899
 2027                     0.989888                     1.010112                     3.786175
 2028                     0.993258                     1.006742                     2.857450
 2029                     0.996629                     1.003371                     1.928725
 2030                     1.000000                     1.000000                     1.000000
;
Composite table:
 year  STEOLNGExportsFactor  STEOLNGImportsFactor
!----  --------------------  --------------------
 2023            591.560000              1.155684
 2024            601.739200              1.231689
 2025            861.844800              0.560846
 2026              0.000000              0.648677
 2027              0.000000              0.736508
 2028              0.000000              0.824339
 2029              0.000000              0.912169
 2030              0.000000              1.000000
;
Composite table:
 year   STEOLeaseFuelFactor    STEOPipeFuelFactor  STEOSupplementalSupplyFactor
!----   -------------------    ------------------  ----------------------------
 2023              1.093510              1.424840                      0.999949
 2024              1.042380              1.450092                      1.583242
 2025              1.084129              1.289115                      1.701850
 2026              1.067303              1.231292                      1.561480
 2027              1.050477              1.173469                      1.421110
 2028              1.033652              1.115646                      1.280740
 2029              1.016826              1.057823                      1.140370
 2030              1.000000              1.000000                      1.000000
;
Composite table:
 year    STEOWellhdPriceFactor  STEOElectricPriceFactor
!----    ---------------------  -----------------------
 2023              1.020712152                 0.996816
 2024              1.157472716                 0.989065
 2025              1.853188833                 0.946194
 2026              1.000000000                 0.956955
 2027              1.000000000                 0.967716
 2028              1.000000000                 0.978477
 2029              1.000000000                 0.989239
 2030              1.000000000                 1.000000
;
Composite table:
 year    STEOPipelineImportFactor    STEOMXExportFactor    STEOCNExportFactor
!----    ------------------------    ------------------    ------------------
 2023                    1.145331           -759.667600              1.399466
 2024                    1.654845           -961.941690              1.578821
 2025                    1.155863           -405.096898              1.539683
 2026                    1.124690           -323.877518              1.431746
 2027                    1.093518           -242.658139              1.323810
 2028                    1.062345           -161.438759              1.215873
 2029                    1.031173            -80.219380              1.107937
 2030                    1.000000              1.000000              1.000000
;
STEOEndUsePriceFactor := data table
                       NewEngland MidAtlantic   ENCentral   WNCentral   SAtlantic   ESCentral   WSCentral    Mountain     Pacific
                    ! ----------- ----------- ----------- ----------- ----------- ----------- ----------- ----------- -----------
(2023,Residential   )    1.223986    1.218891    1.203701    1.156712    0.999838    1.049361    1.293557    1.211692    1.545067
(2024,Residential   )    1.213746    1.198641    1.191788    1.103550    1.009630    0.973967    1.352689    1.185215    1.357106
(2025,Residential   )    1.166639    1.178880    1.141686    1.070703    0.943923    0.873771    1.188637    1.029346    1.400530
(2026,Residential   )    1.133311    1.143104    1.113348    1.056562    0.955139    0.899017    1.150909    1.023477    1.320424
(2027,Residential   )    1.099983    1.107328    1.085011    1.042422    0.966354    0.924263    1.113182    1.017608    1.240318
(2028,Residential   )    1.066656    1.071552    1.056674    1.028281    0.977569    0.949508    1.075455    1.011738    1.160212
(2029,Residential   )    1.033328    1.035776    1.028337    1.014141    0.988785    0.974754    1.037727    1.005869    1.080106
(2030,Residential   )    1.000000    1.000000    1.000000    1.000000    1.000000    1.000000    1.000000    1.000000    1.000000
(2023,Commercial    )    1.061344    1.140275    0.994871    1.026886    0.991803    1.110131    1.368349    1.104592    1.535501
(2024,Commercial    )    1.018111    1.212411    0.986958    0.933954    0.927392    0.992152    1.327601    1.064725    1.368411
(2025,Commercial    )    0.973501    1.235400    0.899959    0.885347    0.932958    0.902869    1.181564    0.853349    1.379057
(2026,Commercial    )    0.978800    1.188320    0.919967    0.908278    0.946367    0.922295    1.145251    0.882679    1.303245
(2027,Commercial    )    0.984100    1.141240    0.939975    0.931208    0.959775    0.941721    1.108938    0.912010    1.227434
(2028,Commercial    )    0.989400    1.094160    0.959983    0.954139    0.973183    0.961147    1.072626    0.941340    1.151623
(2029,Commercial    )    0.994700    1.047080    0.979992    0.977069    0.986592    0.980574    1.036313    0.970670    1.075811
(2030,Commercial    )    1.000000    1.000000    1.000000    1.000000    1.000000    1.000000    1.000000    1.000000    1.000000
(2023,Industrial    )    1.000000    1.000000    1.000000    1.000000    1.000000    1.000000    1.000000    1.000000    1.000000
(2024,Industrial    )    1.000000    1.000000    1.000000    1.000000    1.000000    1.000000    1.000000    1.000000    1.000000
(2025,Industrial    )    1.000000    1.000000    1.000000    1.000000    1.000000    1.000000    1.000000    1.000000    1.000000
(2026,Industrial    )    1.000000    1.000000    1.000000    1.000000    1.000000    1.000000    1.000000    1.000000    1.000000
(2027,Industrial    )    1.000000    1.000000    1.000000    1.000000    1.000000    1.000000    1.000000    1.000000    1.000000
(2028,Industrial    )    1.000000    1.000000    1.000000    1.000000    1.000000    1.000000    1.000000    1.000000    1.000000
(2029,Industrial    )    1.000000    1.000000    1.000000    1.000000    1.000000    1.000000    1.000000    1.000000    1.000000
(2030,Industrial    )    1.000000    1.000000    1.000000    1.000000    1.000000    1.000000    1.000000    1.000000    1.000000
(2023,Transportation)    1.000000    1.000000    1.000000    1.000000    1.000000    1.000000    1.000000    1.000000    1.000000
(2024,Transportation)    1.000000    1.000000    1.000000    1.000000    1.000000    1.000000    1.000000    1.000000    1.000000
(2025,Transportation)    1.000000    1.000000    1.000000    1.000000    1.000000    1.000000    1.000000    1.000000    1.000000
(2026,Transportation)    1.000000    1.000000    1.000000    1.000000    1.000000    1.000000    1.000000    1.000000    1.000000
(2027,Transportation)    1.000000    1.000000    1.000000    1.000000    1.000000    1.000000    1.000000    1.000000    1.000000
(2028,Transportation)    1.000000    1.000000    1.000000    1.000000    1.000000    1.000000    1.000000    1.000000    1.000000
(2029,Transportation)    1.000000    1.000000    1.000000    1.000000    1.000000    1.000000    1.000000    1.000000    1.000000
(2030,Transportation)    1.000000    1.000000    1.000000    1.000000    1.000000    1.000000    1.000000    1.000000    1.000000
(2023,Electric      )    1.000000    1.000000    1.000000    1.000000    1.000000    1.000000    1.000000    1.000000    1.000000
(2024,Electric      )    1.000000    1.000000    1.000000    1.000000    1.000000    1.000000    1.000000    1.000000    1.000000
(2025,Electric      )    1.000000    1.000000    1.000000    1.000000    1.000000    1.000000    1.000000    1.000000    1.000000
(2026,Electric      )    1.000000    1.000000    1.000000    1.000000    1.000000    1.000000    1.000000    1.000000    1.000000
(2027,Electric      )    1.000000    1.000000    1.000000    1.000000    1.000000    1.000000    1.000000    1.000000    1.000000
(2028,Electric      )    1.000000    1.000000    1.000000    1.000000    1.000000    1.000000    1.000000    1.000000    1.000000
(2029,Electric      )    1.000000    1.000000    1.000000    1.000000    1.000000    1.000000    1.000000    1.000000    1.000000
(2030,Electric      )    1.000000    1.000000    1.000000    1.000000    1.000000    1.000000    1.000000    1.000000    1.000000
;
