     COMPOSITE TABLE:
cl:: steoyr  cl:: ICMMExptsMetScale   cl:: ICMMExptsStmScale   cl:: steoflagW      cl:: steoflagET     cl:: steoflagC      cl:: steoflagI      cl:: steoflagRT     cl:: steoflagIMP    cl:: steoflagExports     cl:: steoflagSTOCKS
     !---------------
     1990         0                        0                        0                   0                   0                   0                   0                   0                   0                        0
     1991         0                        0                        0                   0                   0                   0                   0                   0                   0                        0
     1992         0                        0                        0                   0                   0                   0                   0                   0                   0                        0
     1993         0                        0                        0                   0                   0                   0                   0                   0                   0                        0
     1994         0                        0                        0                   0                   0                   0                   0                   0                   0                        0
     1995         0                        0                        0                   0                   0                   0                   0                   0                   0                        0
     1996         0                        0                        0                   0                   0                   0                   0                   0                   0                        0
     1997         0                        0                        0                   0                   0                   0                   0                   0                   0                        0
     1998         0                        0                        0                   0                   0                   0                   0                   0                   0                        0
     1999         0                        0                        0                   0                   0                   0                   0                   0                   0                        0
     2000         0                        0                        0                   0                   0                   0                   0                   0                   0                        0
     2001         0                        0                        0                   0                   0                   0                   0                   0                   0                        0
     2002         0                        0                        0                   0                   0                   0                   0                   0                   0                        0
     2003         0                        0                        0                   0                   0                   0                   0                   0                   0                        0
     2004         0                        0                        0                   0                   0                   0                   0                   0                   0                        0
     2005         0                        0                        0                   0                   0                   0                   0                   0                   0                        0
     2006         0                        0                        0                   0                   0                   0                   0                   0                   0                        0
     2007         0                        0                        0                   0                   0                   0                   0                   0                   0                        0
     2008         0                        0                        0                   0                   0                   0                   0                   0                   0                        0
     2009         0                        0                        0                   0                   0                   0                   0                   0                   0                        0
     2010         1                        1                        0                   0                   0                   0                   0                   0                   0                        0
     2011         1                        1                        0                   0                   0                   0                   0                   0                   0                        0
     2012         1                        1                        0                   0                   0                   0                   0                   0                   0                        0
     2013         1                        1                        0                   0                   0                   0                   0                   0                   0                        0
     2014         1                        1                        0                   0                   0                   0                   0                   0                   0                        0
     2015         1                        1                        0                   0                   0                   0                   0                   0                   0                        0
     2016         0.6665                   0.5131                   1                   1                   1                   1                   1                   1                   0                        1
     2017         0.7028                   1.1234                   1                   1                   1                   1                   1                   1                   0                        1
     2018         0.7651                   0.7136                   1                   1                   1                   1                   1                   1                   0                        1
     2019         0.7533                   1.4112                   1                   1                   1                   1                   1                   1                   0                        1
     2020         0.7600                   1.2134                   1                   0                   1                   1                   1                   1                   1                        1
     2021         0.7130                   1.2172                   1                   0                   1                   1                   1                   1                   1                        1
     2022         0.6729                   0.7207                   1                   0                   1                   1                   1                   1                   1                        1
     2023         0.7943                   1.0675                   1                   0                   1                   1                   1                   1                   1                        1
     2024         0.6776                   0.9313                   0                   0                   1                   1                   1                   1                   1                        1
     2025         0.6297                   0.9177                   0                   0                   1                   1                   1                   1                   1                        1
     2026         0.7137                   0.5698                   0                   0                   1                   1                   1                   1                   1                        1
     2027         0.7373                   0.6045                   0                   0                   0                   0                   0                   0                   0                        0
     2028         0.7700                   0.6800                   0                   0                   0                   0                   0                   0                   0                        0
     2029         0.7900                   1.2000                   0                   0                   0                   0                   0                   0                   0                        0
     2030         0.7900                   1.4000                   0                   0                   0                   0                   0                   0                   0                        0
     2031         0.7910                   1.3000                   0                   0                   0                   0                   0                   0                   0                        0
     2032         0.7998                   1.2894                   0                   0                   0                   0                   0                   0                   0                        0
     2033         0.8109                   1.3373                   0                   0                   0                   0                   0                   0                   0                        0
     2034         0.8100                   1.4242                   0                   0                   0                   0                   0                   0                   0                        0
     2035         0.8190                   1.4158                   0                   0                   0                   0                   0                   0                   0                        0
     2036         0.8235                   1.3928                   0                   0                   0                   0                   0                   0                   0                        0
     2037         0.8280                   1.3280                   0                   0                   0                   0                   0                   0                   0                        0
     2038         0.8325                   1.0328                   0                   0                   0                   0                   0                   0                   0                        0
     2039         0.8370                   1.0169                   0                   0                   0                   0                   0                   0                   0                        0
     2040         0.8370                   1.0000                   0                   0                   0                   0                   0                   0                   0                        0
     2041         0.8280                   1.0000                   0                   0                   0                   0                   0                   0                   0                        0
     2042         0.8100                   1.0000                   0                   0                   0                   0                   0                   0                   0                        0
     2043         0.8100                   1.0000                   0                   0                   0                   0                   0                   0                   0                        0
     2044         0.8100                   1.0000                   0                   0                   0                   0                   0                   0                   0                        0
     2045         0.8100                   0.9500                   0                   0                   0                   0                   0                   0                   0                        0
     2046         0.8100                   0.9500                   0                   0                   0                   0                   0                   0                   0                        0
     2047         0.8100                   0.9500                   0                   0                   0                   0                   0                   0                   0                        0
     2048         0.8100                   0.9500                   0                   0                   0                   0                   0                   0                   0                        0
     2049         0.8100                   0.9500                   0                   0                   0                   0                   0                   0                   0                        0
     2050         0.8100                   0.9500                   0                   0                   0                   0                   0                   0                   0                        0
     ;
     COMPOSITE TABLE:
cl:: steoyr  cl:: Bsrzr_util_a        cl:: Tolerance           cl:: TolAdjBench1   cl:: TolAdjBench2   cl:: TolAdjBench3
     !---------------
     1990         1                        0                        0                   0                   0
     1991         1                        0                        0                   0                   0
     1992         1                        0                        0                   0                   0
     1993         1                        0                        0                   0                   0
     1994         1                        0                        0                   0                   0
     1995         1                        0                        0                   0                   0
     1996         1                        0                        0                   0                   0
     1997         1                        0                        0                   0                   0
     1998         1                        0                        0                   0                   0
     1999         1                        0                        0                   0                   0
     2000         1                        0                        0                   0                   0
     2001         1                        0                        0                   0                   0
     2002         1                        0                        0                   0                   0
     2003         1                        0                        0                   0                   0
     2004         1                        0                        0                   0                   0
     2005         1                        0                        0                   0                   0
     2006         1                        0                        0                   0                   0
     2007         1                        0                        0                   0                   0
     2008         1                        0                        0                   0                   0
     2009         1                        0                        0                   0                   0
     2010         1                        0                        0                   0                   0
     2011         1                        0                        0                   0                   0
     2012         1                        0                        0                   0                   0
     2013         1                        0                        0                   0                   0
     2014         1                        0                        0                   0                   0
     2015         1                        0                        0                   0                   0
     2016         1.1                      0.0001                   1                   3                   5
     2017         0.87                     0.01                     1                   3                   5
     2018         1                        0.02                     1                   3                   5
     2019         0.98                     0.02                     1                   3                   5
     2020         0.98                     0.02                     1                   3                   5
     2021         0.78                     0.02                     1                   3                   5
     2022         0.915                    0.02                     1                   3                   5
     2023         1.059                    0.02                     1                   3                   5
     2024         0.974                    0.02                     1                   3                   5
     2025         0.852                    0.02                     1                   3                   5
     2026         0.869554                 0.02                     1                   3                   5
     2027         0.95                     0.02                     1                   3                   5
     2028         1                        0.02                     1                   3                   5
     2029         1                        0.02                     1                   3                   5
     2030         1                        0.005                    1                   3                   5
     2031         1                        0.005                    1                   3                   5
     2032         1                        0.005                    1                   3                   5
     2033         1                        0.005                    1                   3                   5
     2034         1                        0.005                    1                   3                   5
     2035         1                        0.005                    1                   3                   5
     2036         1                        0.005                    1                   3                   5
     2037         1                        0.005                    1                   3                   5
     2038         1                        0.005                    1                   3                   5
     2039         1                        0.005                    1                   3                   5
     2040         1                        0.005                    1                   3                   5
     2041         1                        0.005                    1                   3                   5
     2042         1                        0.005                    1                   3                   5
     2043         1                        0.005                    1                   3                   5
     2044         1                        0.005                    1                   3                   5
     2045         1                        0.005                    1                   3                   5
     2046         1                        0.005                    1                   3                   5
     2047         1                        0.005                    1                   3                   5
     2048         1                        0.005                    1                   3                   5
     2049         1                        0.005                    1                   3                   5
     2050         1                        0.005                    1                   3                   5
     ;
