    COMPOSITE TABLE:
cl::yr                  cl::wt_Labor            cl::wt_Fuel             cl::wt_MaterialSup      cl::wt_Equipment        cl::wt_Depreciation     cl::wt_Interest         cl::wt_Other
    2018                    0.33                    0.159                   0.051                   0.053                   0.15                    0.021                   0.236
    2019                    0.326                   0.142                   0.049                   0.052                   0.159                   0.025                   0.247
    2020                    0.324                   0.097                   0.045                   0.052                   0.185                   0.027                   0.27
    2021                    0.314                   0.142                   0.045                   0.049                   0.175                   0.024                   0.251
    2022                    0.294                   0.204                   0.047                   0.044                   0.152                   0.021                   0.238
    2023                    0.302                   0.164                   0.05                    0.042                   0.157                   0.024                   0.261
    2024                    0.324                   0.146                   0.049                   0.044                   0.166                   0.024                   0.247
    ;
