    COMPOSITE TABLE:
cl::SCrv1 cl::SReg cl::Sulf cl::Mtyp cl::Rank cl::CSupplyRegionName1    cl::SRegStates                     cl:: MTypeLabel  cl::RankLabel      cl::SulfLabel cl::BY_MMP  cl::BY_PROD cl::BY_TPH  cl::BY_PROD_CAP cl::BY_CAP_UTIL
    1         1APN     1A       1S       1B       "Northern Appalachia"     "PA,OH,MD,NWV"                      "Surface"       "Bituminous"       "All"         33.324      2.095       1.727       3.144           0.667
    2         1APN     1A       2D       1B       "Northern Appalachia"     "PA,OH,MD,NWV"                      "Deep"          "Bituminous"       "All"         28.966      55.036      4.130       72.472          0.759
    3         1APN     1A       1S       5G       "Northern Appalachia"     "PA,OH,MD,NWV"                      "Surface"       "GOB"              "All"         4.150       8.379       1.727       11.025          0.760
    4         1APN     1A       2D       4P       "Northern Appalachia"     "PA,OH,MD,NWV"                      "Deep"          "Premium"          "All"         57.422      24.150      4.130       31.800          0.759
    5         2APR     1A       1S       1B       "Rest of Appalachia"      "SWV,VA,EKY,NTN,AL,STN"             "Surface"       "Bituminous"       "All"         35.547      20.253      2.113       24.580          0.824
    6         2APR     1A       2D       1B       "Rest of Appalachia"      "SWV,VA,EKY,NTN,AL,STN"             "Deep"          "Bituminous"       "All"         32.480      7.358       1.690       9.612           0.766
    7         2APR     1A       2D       4P       "Rest of Appalachia"      "SWV,VA,EKY,NTN,AL,STN"             "Deep"          "Premium"          "All"         66.750      47.387      1.690       61.898          0.766
    8         3INR     1A       2D       1B       "Interior"                "WKY,IL,IN,IA,MO,KS,AR,OK,TX"       "Deep"          "Bituminous"       "All"         21.809      56.167      5.159       70.828          0.793
    9         3INR     1A       1S       1B       "Interior"                "WKY,IL,IN,IA,MO,KS,AR,OK,TX"       "Surface"       "Bituminous"       "All"         22.303      11.473      4.800       16.100          0.713
    10        4LGN     1A       1S       3L       "Lignite"                 "TX,LA,ND,MS,EMT"                   "Surface"       "Lignite"          "All"         7.457       39.468      9.278       49.760          0.793
    11        5PRB     1A       1S       2S       "Powder River Basin"      "Wyoming Powder River Basin"        "Surface"       "Subbituminous"    "All"         5.673       189.848     24.722      388.616         0.489
    12        6WSR     1A       2D       1B       "Western Region"          "WWY,CO,UT,AZ,NM,AK,WA"             "Deep"          "Bituminous"       "All"         27.967      17.258      4.380       29.258          0.590
    13        6WSR     1A       1S       2S       "Western Region"          "WWY,CO,UT,AZ,NM,MT PRB,AK,WA"      "Surface"       "Subbituminous"    "All"         12.277      24.482      8.756       45.659          0.536
    14        6WSR     1A       1S       1B       "Western Region"          "WWY,CO,UT,AZ,NM,AK,WA"             "Surface"       "Bituminous"       "All"         25.886      5.269       8.756       9.827           0.536
    ;
    COMPOSITE TABLE:
cl::SCrv1 cl::SReg cl::Sulf cl::Mtyp cl::Rank cl::CAP_UTIL_HIST   cl::RCoe_MTypeCont cl::BY_PROD_CAP_ADJ cl::BY_MMP_ADJ cl::ELEC_SHARE cl::DIST_SHARE cl::BY_WAGE     cl::BY_ELEC_PRICE  cl::RCoe_OCont cl::RCoe_SregCont
    1         1APN     1A       1S       1B       54.800              0.000              5.000               1.000          0.210          0.790          46230.167       11.770             0.000          -0.080
    2         1APN     1A       2D       1B       83.000              0.000              1.000               1.000          0.860          0.140          47551.524       11.512             0.000          -0.080
    3         1APN     1A       1S       5G       65.000              0.000              4.000               6.000          0.210          0.790          46230.167       11.770             0.000          -0.080
    4         1APN     1A       2D       4P       83.000              0.000              1.000               0.750          0.860          0.140          47551.524       11.512             0.000          -0.080
    5         2APR     1A       1S       1B       73.000              0.000              1.000               1.000          0.210          0.790          46156.236       11.167             0.000          0.000
    6         2APR     1A       2D       1B       75.400              0.000              1.000               1.000          0.860          0.140          46531.037       11.326             0.000          0.000
    7         2APR     1A       2D       4P       75.400              0.000              1.000               1.000          0.860          0.140          46531.037       11.326             0.000          0.000
    8         3INR     1A       2D       1B       76.100              0.000              1.000               1.200          0.860          0.140          44774.735       11.953             0.000          -0.052
    9         3INR     1A       1S       1B       69.800              0.000              1.000               1.000          0.210          0.790          42607.937       12.043             0.000          -0.052
    10        4LGN     1A       1S       3L       84.700              0.000              1.000               1.000          0.210          0.790          55015.305       10.080             0.000          -0.644
    11        5PRB     1A       1S       2S       70.200              0.000              1.000               1.000          0.210          0.790          44699.808       11.681             0.000          -0.459
    12        6WSR     1A       2D       1B       64.200              0.000              1.000               1.000          0.860          0.140          45535.027       11.775             0.000          0.000
    13        6WSR     1A       1S       2S       64.200              0.000              1.000               1.000          0.210          0.790          47562.893       11.553             0.000          0.000
    14        6WSR     1A       1S       1B       74.200              0.000              1.000               1.000          0.210          0.790          47562.893       11.553             0.000          0.000
    ;
    COMPOSITE TABLE:
cl::SCrv1 cl::SReg cl::Sulf cl::Mtyp cl::Rank cl::RCoe_SRegMTypeCont    cl::RCoe_TPH    cl::TPH_SDA   cl::RCoe_SRegTPH     cl::RCoe_MTypeTPH  cl::RCoe_SRegMTypeTPH
    1         1APN     1A       1S       1B       0.000                     -0.548          0.000         0.000                0.000              0.000
    2         1APN     1A       2D       1B       0.000                     -0.548          0.000         0.000                0.000              0.000
    3         1APN     1A       1S       5G       0.000                     -0.548          0.000         0.000                0.000              0.000
    4         1APN     1A       2D       4P       0.000                     -0.548          0.000         0.000                0.000              0.000
    5         2APR     1A       1S       1B       0.000                     -0.548          0.000         0.000                0.000              0.000
    6         2APR     1A       2D       1B       0.000                     -0.548          0.000         0.000                0.000              0.000
    7         2APR     1A       2D       4P       0.000                     -0.548          0.000         0.000                0.000              0.000
    8         3INR     1A       2D       1B       0.000                     -0.548          0.000         0.000                0.000              -0.121
    9         3INR     1A       1S       1B       0.000                     -0.548          0.000         0.000                0.000              0.000
    10        4LGN     1A       1S       3L       0.000                     -0.548          0.000         0.000                0.000              0.000
    11        5PRB     1A       1S       2S       0.000                     -0.548          0.000         0.000                0.000              0.000
    12        6WSR     1A       2D       1B       0.000                     -0.548          0.000         0.000                0.000              -0.055
    13        6WSR     1A       1S       2S       0.000                     -0.548          0.000         0.000                0.000              0.000
    14        6WSR     1A       1S       1B       0.000                     -0.548          0.000         0.000                0.000              0.000
    ;
    COMPOSITE TABLE:
cl::SCrv1 cl::SReg cl::Sulf cl::Mtyp cl::Rank cl::RCoe_SRegMTypeCont  cl::RCoe_Util             cl::RCoe_MTypeUtil       cl::RCoe_ProdCap        cl::ProdCap_SDA    cl::RCoe_MTypeProdCap  cl::RCoe_Wage
    1         1APN     1A       1S       1B       0.000                   0.224                     0.000                    0.038                   0.000              0.000                  0.272
    2         1APN     1A       2D       1B       0.000                   0.224                     0.000                    0.038                   0.000              0.000                  0.272
    3         1APN     1A       1S       5G       0.000                   0.224                     0.000                    0.038                   0.000              0.000                  0.272
    4         1APN     1A       2D       4P       0.000                   0.224                     0.000                    0.038                   0.000              0.000                  0.272
    5         2APR     1A       1S       1B       0.000                   0.224                     0.010                    0.038                   0.000              0.000                  0.272
    6         2APR     1A       2D       1B       0.000                   0.224                     0.010                    0.038                   0.000              0.000                  0.272
    7         2APR     1A       2D       4P       0.000                   0.224                     0.010                    0.038                   0.000              0.000                  0.272
    8         3INR     1A       2D       1B       0.000                   0.224                     0.000                    0.038                   0.000              0.000                  0.272
    9         3INR     1A       1S       1B       0.000                   0.224                     0.000                    0.038                   0.000              0.000                  0.272
    10        4LGN     1A       1S       3L       0.000                   0.224                     0.000                    0.038                   0.000              0.000                  0.272
    11        5PRB     1A       1S       2S       0.000                   0.224                     0.000                    0.038                   0.000              0.000                  0.272
    12        6WSR     1A       2D       1B       0.000                   0.224                     0.000                    0.038                   0.000              0.000                  0.272
    13        6WSR     1A       1S       2S       0.000                   0.224                     0.000                    0.038                   0.000              0.000                  0.272
    14        6WSR     1A       1S       1B       0.000                   0.224                     0.000                    0.038                   0.000              0.000                  0.272
    ;
    COMPOSITE TABLE:
cl::SCrv1 cl::SReg cl::Sulf cl::Mtyp cl::Rank cl::RCoe_MTypeWage   cl::RCoe_Fuel      cl::RCoe_MTypeFuel   cl::RCoe_UserCstCap  cl::RCoe_POperOth    cl::RCoe_Rho
    1         1APN     1A       1S       1B       0.000                0.143              0.000                -0.092               0.026                0.477
    2         1APN     1A       2D       1B       0.000                0.143              0.000                -0.092               0.026                0.477
    3         1APN     1A       1S       5G       0.000                0.143              0.000                -0.092               0.026                0.477
    4         1APN     1A       2D       4P       0.000                0.143              0.000                -0.092               0.026                0.477
    5         2APR     1A       1S       1B       0.000                0.143              0.000                -0.092               0.026                0.477
    6         2APR     1A       2D       1B       0.000                0.143              0.000                -0.092               0.026                0.477
    7         2APR     1A       2D       4P       0.000                0.143              0.000                -0.092               0.026                0.477
    8         3INR     1A       2D       1B       0.000                0.143              0.000                -0.092               0.026                0.477
    9         3INR     1A       1S       1B       0.000                0.143              0.000                -0.092               0.026                0.477
    10        4LGN     1A       1S       3L       0.000                0.143              0.000                -0.092               0.026                0.477
    11        5PRB     1A       1S       2S       0.000                0.143              0.000                -0.092               0.026                0.477
    12        6WSR     1A       2D       1B       0.000                0.143              0.000                -0.092               0.026                0.477
    13        6WSR     1A       1S       2S       0.000                0.143              0.000                -0.092               0.026                0.477
    14        6WSR     1A       1S       1B       0.000                0.143              0.000                -0.092               0.026                0.477
    ;
    COMPOSITE TABLE:
cl::SCrv1 cl::SReg cl::Sulf cl::Mtyp cl::Rank cl::Util_Max   cl::Util_Mid   cl::Util_Min   cl::Util_Max_Adj cl::Util_Mid_Adj cl::Util_Min_Adj cl::Btu        cl::Sulfur     cl::Carbon     cl::Mercury
    1         1APN     1A       1S       1B       0.900          0.830          0.500          0.050            0.030            0.050            23.479         2.612          206.477        19.743
    2         1APN     1A       2D       1B       0.900          0.830          0.650          0.050            0.030            0.050            25.557         2.138          206.477        12.803
    3         1APN     1A       1S       5G       0.900          0.830          0.500          0.050            0.030            0.050            11.602         4.132          206.477        27.618
    4         1APN     1A       2D       4P       0.950          0.880          0.500          0.030            0.010            0.050            28.711         0.587          206.477        0.000
    5         2APR     1A       1S       1B       0.920          0.850          0.500          0.050            0.030            0.050            24.811         0.728          204.552        8.057
    6         2APR     1A       2D       1B       0.920          0.850          0.500          0.050            0.030            0.050            24.760         0.462          204.552        7.030
    7         2APR     1A       2D       4P       0.920          0.850          0.500          0.050            0.030            0.050            28.779         0.366          204.552        0.000
    8         3INR     1A       2D       1B       0.920          0.850          0.500          0.050            0.030            0.050            22.959         2.392          203.765        7.013
    9         3INR     1A       1S       1B       0.920          0.850          0.500          0.050            0.030            0.050            22.324         2.492          203.765        7.043
    10        4LGN     1A       1S       3L       0.920          0.850          0.500          0.050            0.030            0.050            13.681         1.332          215.031        10.085
    11        5PRB     1A       1S       2S       0.900          0.830          0.400          0.050            0.030            0.050            17.454         0.311          214.273        7.411
    12        6WSR     1A       2D       1B       0.900          0.830          0.500          0.050            0.030            0.050            22.821         0.451          214.507        4.556
    13        6WSR     1A       1S       2S       0.900          0.830          0.650          0.050            0.030            0.050            18.895         0.443          213.935        5.482
    14        6WSR     1A       1S       1B       0.920          0.850          0.500          0.050            0.030            0.050            18.154         0.856          214.507        2.571
    ;
    COMPOSITE TABLE:
cl::NSREGN    cl::M4       cl::M3            cl::M2            cl::yr             cl::Hclprd                 cl::hclmmpr1
    1             1            1                 1                 2014               19.31                      38.51
    1             1            1                 2                 2014               101.67                     41.61
    1             3            1                 1                 2014               9.00                       3.09
    1             4            1                 2                 2014               15.49                      130.82
    2             1            1                 1                 2014               60.01                      59.48
    2             1            1                 2                 2014               16.02                      59.21
    2             4            1                 2                 2014               63.41                      126.67
    3             1            1                 2                 2014               105.57                     36.14
    3             1            1                 1                 2014               38.38                      41.53
    4             3            1                 1                 2014               72.52                      18.03
    5             2            1                 1                 2014               380.35                     11.61
    6             1            1                 2                 2014               39.08                      41.42
    6             2            1                 1                 2014               67.54                      45.78
    6             1            1                 1                 2014               17.01                      49.23
    1             1            1                 1                 2015               11.31                      29.04
    1             1            1                 2                 2015               93.01                      28.28
    1             3            1                 1                 2015               9.97                       11.28
    1             4            1                 2                 2015               15.91                      41.40
    2             1            1                 1                 2015               40.60                      35.32
    2             1            1                 2                 2015               18.12                      32.27
    2             4            1                 2                 2015               48.68                      43.94
    3             1            1                 2                 2015               90.55                      25.04
    3             1            1                 1                 2015               36.53                      23.40
    4             3            1                 1                 2015               69.89                      11.18
    5             2            1                 1                 2015               363.49                     7.06
    6             1            1                 2                 2015               29.53                      21.97
    6             2            1                 1                 2015               60.10                      22.12
    6             1            1                 1                 2015               12.35                      26.12
    1             1            1                 1                 2016               7.75                       25.30
    1             1            1                 2                 2016               84.99                      24.62
    1             3            1                 1                 2016               10.18                      9.68
    1             4            1                 2                 2016               14.22                      35.89
    2             1            1                 1                 2016               27.55                      31.03
    2             1            1                 2                 2016               14.11                      29.81
    2             4            1                 2                 2016               41.84                      42.41
    3             1            1                 2                 2016               72.94                      24.76
    3             1            1                 1                 2016               32.42                      22.45
    4             3            1                 1                 2016               69.54                      9.52
    5             2            1                 1                 2016               287.36                     6.82
    6             1            1                 2                 2016               23.72                      21.70
    6             2            1                 1                 2016               48.72                      22.37
    6             1            1                 1                 2016               11.95                      24.71
    1             1            1                 1                 2017               6.19                       22.90
    1             1            1                 2                 2017               82.98                      23.42
    1             3            1                 1                 2017               9.95                       5.58
    1             4            1                 2                 2017               16.91                      59.08
    2             1            1                 1                 2017               26.11                      32.94
    2             1            1                 2                 2017               12.91                      29.85
    2             4            1                 2                 2017               55.23                      64.29
    3             1            1                 2                 2017               75.44                      22.86
    3             1            1                 1                 2017               30.31                      20.83
    4             3            1                 1                 2017               65.74                      8.52
    5             2            1                 1                 2017               306.09                     6.53
    6             1            1                 2                 2017               31.11                      19.93
    6             2            1                 1                 2017               52.93                      21.10
    6             1            1                 1                 2017               12.51                      23.98
    1             1            1                 1                 2018               6.19                       22.23
    1             1            1                 2                 2018               80.12                      24.87
    1             3            1                 1                 2018               10.16                      4.80
    1             4            1                 2                 2018               17.81                      63.38
    2             1            1                 1                 2018               23.31                      32.63
    2             1            1                 2                 2018               11.96                      30.31
    2             4            1                 2                 2018               61.50                      66.06
    3             1            1                 2                 2018               83.84                      22.09
    3             1            1                 1                 2018               26.41                      20.84
    4             3            1                 1                 2018               59.37                      8.24
    5             2            1                 1                 2018               289.02                     6.16
    6             1            1                 2                 2018               32.81                      20.26
    6             2            1                 1                 2018               52.85                      20.50
    6             1            1                 1                 2018               9.65                       24.88
    1             1            1                 1                 2019               4.84                       21.27
    1             1            1                 2                 2019               81.42                      24.01
    1             3            1                 1                 2019               9.26                       4.76
    1             4            1                 2                 2019               17.65                      58.41
    2             1            1                 1                 2019               21.73                      32.99
    2             1            1                 2                 2019               8.46                       32.47
    2             4            1                 2                 2019               55.37                      63.48
    3             1            1                 2                 2019               76.05                      20.81
    3             1            1                 1                 2019               21.22                      20.67
    4             3            1                 1                 2019               51.07                      7.69
    5             2            1                 1                 2019               265.36                     5.88
    6             1            1                 2                 2019               26.56                      21.20
    6             2            1                 1                 2019               48.03                      22.22
    6             1            1                 1                 2019               7.15                       25.90
    1             1            1                 1                 2020               4.32                       20.33
    1             1            1                 2                 2020               60.12                      20.59
    1             3            1                 1                 2020               7.76                       1.69
    1             4            1                 2                 2020               15.16                      53.38
    2             1            1                 1                 2020               16.67                      30.11
    2             1            1                 2                 2020               5.36                       28.31
    2             4            1                 2                 2020               51.48                      54.59
    3             1            1                 2                 2020               51.27                      18.81
    3             1            1                 1                 2020               18.44                      19.17
    4             3            1                 1                 2020               47.16                      8.33
    5             2            1                 1                 2020               209.36                     6.02
    6             1            1                 2                 2020               23.39                      19.69
    6             2            1                 1                 2020               37.67                      22.44
    6             1            1                 1                 2020               6.96                       25.89
    1             1            1                 1                 2021               4.51                       20.49
    1             1            1                 2                 2021               70.27                      19.89
    1             3            1                 1                 2021               7.86                       2.49
    1             4            1                 2                 2021               14.29                      62.97
    2             1            1                 1                 2021               15.87                      30.34
    2             1            1                 2                 2021               4.13                       29.01
    2             4            1                 2                 2021               47.61                      61.22
    3             1            1                 2                 2021               60.18                      17.35
    3             1            1                 1                 2021               16.66                      18.92
    4             3            1                 1                 2021               45.71                      8.62
    5             2            1                 1                 2021               227.16                     5.50
    6             1            1                 2                 2021               28.66                      20.04
    6             2            1                 1                 2021               39.45                      20.36
    6             1            1                 1                 2021               2.98                       14.79
    1             1            1                 1                 2022               4.66                       31.49
    1             1            1                 2                 2022               68.39                      27.80
    1             3            1                 1                 2022               8.93                       3.77
    1             4            1                 2                 2022               13.56                      83.38
    2             1            1                 1                 2022               15.18                      45.82
    2             1            1                 2                 2022               4.96                       43.21
    2             4            1                 2                 2022               47.85                      90.70
    3             1            1                 2                 2022               59.53                      20.89
    3             1            1                 1                 2022               15.18                      26.07
    4             3            1                 1                 2022               47.61                      7.34
    5             2            1                 1                 2022               244.96                     5.77
    6             1            1                 2                 2022               22.79                      28.70
    6             2            1                 1                 2022               36.59                      14.60
    6             1            1                 1                 2022               0.53                       24.12
    1             1            1                 1                 2023               3.17                       34.60
    1             1            1                 2                 2023               64.33                      30.06
    1             3            1                 1                 2023               8.17                       4.61
    1             4            1                 2                 2023               16.15                      69.54
    2             1            1                 1                 2023               18.21                      50.34
    2             1            1                 2                 2023               6.75                       45.83
    2             4            1                 2                 2023               48.75                      76.72
    3             1            1                 2                 2023               58.78                      24.20
    3             1            1                 1                 2023               13.18                      25.26
    4             3            1                 1                 2023               41.24                      7.43
    5             2            1                 1                 2023               234.17                     5.68
    6             1            1                 2                 2023               14.40                      22.72
    6             2            1                 1                 2023               31.13                      11.34
    6             1            1                 1                 2023               4.36                       26.99
    1             1            1                 1                 2024               2.10                       33.32
    1             1            1                 2                 2024               55.04                      28.97
    1             3            1                 1                 2024               8.38                       4.15
    1             4            1                 2                 2024               24.15                      57.42
    2             1            1                 1                 2024               20.25                      35.55
    2             1            1                 2                 2024               7.36                       32.48
    2             4            1                 2                 2024               47.39                      66.75
    3             1            1                 2                 2024               56.17                      21.81
    3             1            1                 1                 2024               11.47                      22.30
    4             3            1                 1                 2024               39.47                      7.46
    5             2            1                 1                 2024               189.85                     5.67
    6             1            1                 2                 2024               17.26                      27.97
    6             2            1                 1                 2024               24.48                      12.28
    6             1            1                 1                 2024               5.27                       25.89
    ;
    COMPOSITE TABLE:
cl::SCrv1     cl::M61      cl::hclprd_trills cl::hclmmp_dolbtu cl::NonEU_share
    1             25           453.33            1.64              0.1
    2             25           2598.48           1.63              0.3
    3             25           104.47            0.27              0.2
    4             25           444.68            4.56              1
    5             25           1488.85           2.40              0.3
    6             25           396.66            2.39              0.15
    7             25           1824.80           4.40              1
    8             25           2423.79           1.57              0.2
    9             25           856.91            1.86              0.2
    10            25           992.11            1.32              0.01
    11            25           6638.72           0.67              0.05
    12            25           891.75            1.82              0.4
    13            25           1276.25           2.42              0.2
    14            25           308.78            2.71              0.3
    1             26           265.63            1.24              0.1
    2             26           2377.14           1.11              0.3
    3             26           115.66            0.97              0.2
    4             26           456.70            1.44              1
    5             26           1007.26           1.42              0.3
    6             26           448.57            1.30              0.15
    7             26           1401.10           1.53              1
    8             26           2078.90           1.09              0.2
    9             26           815.50            1.05              0.2
    10            26           956.13            0.82              0.01
    11            26           6344.44           0.40              0.05
    12            26           673.87            0.96              0.4
    13            26           1135.59           1.17              0.2
    14            26           224.27            1.44              0.3
    1             27           182.01            1.08              0.1
    2             27           2172.03           0.96              0.3
    3             27           118.14            0.83              0.2
    4             27           408.22            1.25              1
    5             27           683.52            1.25              0.3
    6             27           349.28            1.20              0.15
    7             27           1204.04           1.47              1
    8             27           1674.51           1.08              0.2
    9             27           723.70            1.01              0.2
    10            27           951.33            0.70              0.01
    11            27           5015.55           0.39              0.05
    12            27           541.38            0.95              0.4
    13            27           920.54            1.18              0.2
    14            27           216.89            1.36              0.3
    1             28           145.22            0.98              0.1
    2             28           2120.83           0.92              0.3
    3             28           115.45            0.48              0.2
    4             28           485.48            2.06              1
    5             28           647.79            1.33              0.3
    6             28           319.57            1.21              0.15
    7             28           1589.36           2.23              1
    8             28           1731.94           1.00              0.2
    9             28           676.68            0.93              0.2
    10            28           899.44            0.62              0.01
    11            28           5342.58           0.37              0.05
    12            28           710.03            0.87              0.4
    13            28           1000.06           1.12              0.2
    14            28           227.07            1.32              0.3
    1             29           145.23            0.95              0.1
    2             29           2047.54           0.97              0.3
    3             29           117.90            0.41              0.2
    4             29           511.39            2.21              1
    5             29           578.33            1.32              0.3
    6             29           296.07            1.22              0.15
    7             29           1770.07           2.30              1
    8             29           1924.97           0.96              0.2
    9             29           589.50            0.93              0.2
    10            29           812.28            0.60              0.01
    11            29           5044.57           0.35              0.05
    12            29           748.69            0.89              0.4
    13            29           998.58            1.09              0.2
    14            29           175.26            1.37              0.3
    1             30           113.56            0.91              0.1
    2             30           2080.90           0.94              0.3
    3             30           107.48            0.41              0.2
    4             30           506.75            2.03              1
    5             30           539.25            1.33              0.3
    6             30           209.52            1.31              0.15
    7             30           1593.60           2.21              1
    8             30           1746.09           0.91              0.2
    9             30           473.67            0.93              0.2
    10            30           698.74            0.56              0.01
    11            30           4631.54           0.34              0.05
    12            30           606.09            0.93              0.4
    13            30           907.45            1.18              0.2
    14            30           129.87            1.43              0.3
    1             31           101.54            0.87              0.1
    2             31           1536.43           0.81              0.3
    3             31           90.07             0.15              0.2
    4             31           435.18            1.86              1
    5             31           413.56            1.21              0.3
    6             31           132.64            1.14              0.15
    7             31           1481.58           1.90              1
    8             31           1177.08           0.82              0.2
    9             31           411.57            0.86              0.2
    10            31           645.24            0.61              0.01
    11            31           3654.20           0.34              0.05
    12            31           533.70            0.86              0.4
    13            31           711.84            1.19              0.2
    14            31           126.30            1.43              0.3
    1             32           105.97            0.87              0.1
    2             32           1795.92           0.78              0.3
    3             32           91.16             0.21              0.2
    4             32           410.39            2.19              1
    5             32           393.81            1.22              0.3
    6             32           102.24            1.17              0.15
    7             32           1370.31           2.13              1
    8             32           1381.68           0.76              0.2
    9             32           371.99            0.85              0.2
    10            32           625.32            0.63              0.01
    11            32           3964.80           0.31              0.05
    12            32           654.15            0.88              0.4
    13            32           745.35            1.08              0.2
    14            32           54.09             0.81              0.3
    1             33           109.40            1.34              0.1
    2             33           1747.88           1.09              0.3
    3             33           103.65            0.33              0.2
    4             33           389.46            2.90              1
    5             33           376.54            1.85              0.3
    6             33           122.72            1.75              0.15
    7             33           1377.02           3.15              1
    8             33           1366.77           0.91              0.2
    9             33           338.93            1.17              0.2
    10            33           651.35            0.54              0.01
    11            33           4275.56           0.33              0.05
    12            33           520.05            1.26              0.4
    13            33           691.42            0.77              0.2
    14            33           9.58              1.33              0.3
    1             34           74.45             1.47              0.1
    2             34           1644.11           1.18              0.3
    3             34           94.73             0.40              0.2
    4             34           463.58            2.42              1
    5             34           451.70            2.03              0.3
    6             34           167.13            1.85              0.15
    7             34           1403.10           2.67              1
    8             34           1349.60           1.05              0.2
    9             34           294.29            1.13              0.2
    10            34           564.24            0.54              0.01
    11            34           4087.25           0.33              0.05
    12            34           328.51            1.00              0.4
    13            34           588.17            0.60              0.2
    14            34           79.08             1.49              0.3
    1             35           49.20             1.42              0.1
    2             35           1406.56           1.13              0.3
    3             35           97.21             0.36              0.2
    4             35           693.37            2.00              1
    5             35           502.50            1.43              0.3
    6             35           182.19            1.31              0.15
    7             35           1363.77           2.32              1
    8             35           1289.53           0.95              0.2
    9             35           256.12            1.00              0.2
    10            35           539.97            0.55              0.01
    11            35           3313.61           0.33              0.05
    12            35           393.85            1.23              0.4
    13            35           462.59            0.65              0.2
    14            35           95.66             1.43              0.3
    ;

























































































































































































































































































































































































































































































































































































































































































































































