Boiler Fuels,2018, trill. btu.,  from Mecs,,,,,,
IDM_industry,region,Resid,Distill,Natgas,LPG,Coal,Renew,OthPet,PCoke,Elec
7,1,0.11,0.28,34.43,0.1,10.52,7.71,0,0,0.8
7,2,0.44,1.26,76.11,0.57,25.44,11.9,0,0,2.58
7,3,2.03,1.55,208.38,2.1,7.18,70.49,0,0,4.19
7,4,0.42,0.91,76.08,0.23,2.86,10.9,0,0,1.6
8,1,0.89,0.14,35.65,0,7.32,64.58,0,0.46,0.2
8,2,1.87,0.63,78.78,0.01,17.7,99.72,0,1.86,0.63
8,3,7.21,0.77,215.78,0.04,4.99,590.41,0,5.09,1.03
8,4,1.04,0.46,78.78,0,1.99,91.29,0,1.6,0.39
9,1,0.34,0.17,110.55,0.11,3.9,0,0,0.36,0.46
9,2,1.33,0.77,545.1,0.64,9.43,0,0,1.45,1.49
9,3,6.1,0.95,678.7,2.35,2.66,0,0,3.96,2.42
9,4,1.27,0.56,251.66,0.26,1.06,0,0,1.24,0.93
10,1,0,0,0.3,0,0,0,0,0,0
10,2,0,0,0.65,0.01,0,0,0,0,0.01
10,3,0,0,1.8,0.04,0,0,0,0,0.02
10,4,0,0,0.66,0,0,0,0,0,0.01
11,1,0.04,0,0.04,0,0,0,0,2.54,0
11,2,0.15,0,0.08,0.01,0,0,0,10.32,0
11,3,0.68,0,0.21,0.04,0,0,0,28.28,0.01
11,4,0.14,0,0.08,0,0,0,0,8.86,0
12,1,0,0,4.58,0.01,0.46,0,0,0.25,0.09
12,2,0,0,13.39,0.03,1.11,0,0,1.03,0.28
12,3,0.01,0,27.83,0.11,0.31,0,0,2.83,0.46
12,4,0,0,10.2,0.01,0.12,0,0,0.89,0.18
13,1,0,0,1.22,0,0,0,0,0.1,0
13,2,0,0,2.68,0.01,0,0,0,0.41,0
13,3,0,0,7.4,0.04,0,0,0,1.13,0
13,4,0,0,2.7,0,0,0,0,0.36,0
14,1,0,0,4.46,0,0,0,0,0,0.09
14,2,0,0,9.74,0.01,0,0,0,0,0.28
14,3,0.01,0,26.96,0.04,0,0,0,0,0.46
14,4,0,0,9.84,0,0,0,0,0,0.18
15,1,0,0,0.44,0,0,0,0,0,0
15,2,0,0.02,0.96,0.01,0,0,0,0,0
15,3,0,0.02,2.64,0.04,0,0,0,0,0
15,4,0,0.01,0.97,0,0,0,0,0,0
16,1,0,0,0.7,0,0,0,0,0,0.08
16,2,0,0.02,1.53,0.01,0,0,0,0,0.27
16,3,0,0.02,4.23,0.04,0,0,0,0,0.44
16,4,0,0.01,1.54,0,0,0,0,0,0.17
17,1,0,0,1.79,0,0,0,0,0,0.09
17,2,0,0.02,7.28,0.01,0,0,0,0,0.27
17,3,0,0.02,10.91,0.04,0,0,0,0,0.45
17,4,0,0.01,4.03,0,0,0,0,0,0.17
18,1,0,0,0.44,0,0,0,0,0,0
18,2,0,0,0.96,0,0,0,0,0,0
18,3,0,0,2.64,0,0,0,0,0,0.01
18,4,0,0,0.97,0,0,0,0,0,0
19,1,0,0.07,1.49,0,0,19.08,0,0,0.17
19,2,0,0.31,3.25,0.01,0,29.47,0,0,0.54
19,3,0.01,0.39,8.99,0.04,0,174.47,0,0,0.88
19,4,0,0.23,3.28,0,0,26.98,0,0,0.34
20,1,0,0,3.76,0,0,0,0,0,0.69
20,2,0,0.02,8.21,0.01,0,0,0,0,2.22
20,3,0.01,0.02,22.73,0.04,0,0,0,0,3.6
20,4,0,0.01,8.3,0,0,0,0,0,1.38
21,1,0.04,0.04,18.87,0,0,0,0,0.15,0.49
21,2,0.14,0.17,64.9,0,0,0,0,0.62,1.59
21,3,0.66,0.21,114.95,0,0,0,0,1.7,2.58
21,4,0.14,0.13,42.27,0,0,0,0,0.53,0.99
22,1,0.6,0,1.07,0,0,0,0,1.88,0.08
22,2,2.35,0.02,2.34,0,0,0,0,7.64,0.26
22,3,10.8,0.02,6.45,0,0,0,0,20.93,0.43
22,4,2.25,0.01,2.36,0,0,0,0,6.56,0.16
23,1,0,0,1.05,0.03,0,0,0,0,0.08
23,2,0,0.02,2.29,0.16,0,0,0,0,0.25
23,3,0,0.02,6.34,0.6,0,0,0,0,0.41
23,4,0,0.01,2.32,0.07,0,0,0,0,0.16
24,1,0.17,0.12,14.97,0.05,0,0,0,0,0.23
24,2,0.46,0.54,35.25,0.29,0,0,0,0,0.74
24,3,1.94,0.66,90.65,1.09,0,0,0,0,1.2
24,4,0.34,0.39,33.13,0.12,0,0,0,0,0.46
Size shares
0.05,0.95
0.01,0.99
0.25,0.75
0.20,0.80
0.50,0.50
0.20,0.80
0.05,0.95
0.15,0.85
0.10,0.90
0.50,0.50
0.15,0.85
0.01,0.99
0.10,0.90
0.01,0.99
0.50,0.50
0.09,0.91
0.01,0.99
0.15,0.85
0.01,0.99
0.50,0.50
0.15,0.85
0.01,0.99
0.05,0.95
0.07,0.93
0.50,0.50
0.25,0.75
0.05,0.95
0.01,0.99
0.10,0.90
0.50,0.50